0.48788287870854363
0.3695440981492462
0.29931478481800294
0.25272927819676944
0.21543792939467626
0.1841420969740381
0.16397359192251149
0.1449921410776024
0.12986630606136582
0.11793253693614587
0.1074727666607743
0.09817978675561019
0.09010249106468542
0.08317157720468808
0.077522032726307
0.07255265345908475
0.06891784294344895
0.06571381574596181
0.06234533629896538
0.0589977193647977
0.05652030099225898
0.053471337057788934
0.05156098796330054
0.04939085223345981
0.048007362340964005
0.04606676272894704
0.04494855803371927
0.044008147083313486
0.042515570864185656
0.04162279758126545
0.04070953634836206
0.0399894263688231
0.039108715025569285
0.038340883728535696
0.03761067368507769
0.03693226980634408
0.03627449074610733
0.035623345911633394
0.034969289895412516
0.03430817333802661
0.03364070295077108
0.03297260059909698
0.0323137572052356
0.03167266067022348
0.031053415194247702
0.030464271977183148
0.02992334250130396
0.029444805368949004
0.02902924647138088
0.02866862869679463
0.028350527896700648
0.02806450536867141
0.02780093839950752
0.027548061538354932
0.02729352715273101
0.02703508645514095
0.026788108660940828
0.02656713002436386
0.026372024832155016
0.026196814156525146
0.02603488910144259
0.02587943585057921
0.025724462035361717
0.02556669651488554
0.025406918756796654
0.025249086883913568
0.025097668608360303
0.0249567511119019
0.024830688648782087
0.024722080443209834
0.0246294696548331
0.02454843652198134
0.024474318665961007
0.024403773467930406
0.0243348049805875
0.02426617637082408
0.024197037789311183
0.02412703532330427
0.024056581737300912
0.02398683698973512
0.023919302518018024
0.02385528986144334
0.023795572522586145
0.0237403384045554
0.023689352150315365
0.023642166992128927
0.02359828167255424
0.02355722066711167
0.023518560968472133
0.023481934243072343
0.02344702215587355
0.023413551759952602
0.023381292092366425
0.023350051392622806
0.023319674402551616
0.023290039580078057
0.02326105623524769
0.023232661519072304
0.023204816975649144
0.023177504164636917
